2.096288936205541464e-01
4.554578112434733983e-01
9.419266872925196044e-01
1.117598801374620754e-01
2.816574758437991877e-01
5.849774649866252840e-01
8.986546235260405302e-01
8.822072338169452133e-01
7.505949485426320900e-01
6.810796212034864183e-01
2.988054957499695075e-01
8.088802710037026333e-01
6.155751597396628139e-01
5.460354862844948309e-01
1.396757581995266007e-01
6.640657419048658916e-01
3.362990846888677110e-01
1.829737560425304110e-02
3.974139763647707158e-01
6.961516791055509801e-01
2.886039853188232529e-01
8.757511981320618144e-01
3.102316688837352121e-01
8.712224669847503655e-01
6.263032574897016147e-01
7.710925842644583694e-01
3.808343369219321373e-01
6.982142076619325399e-01
4.781910256628347788e-01
9.505061723660724882e-01
1.066768252846883591e-02
3.641456344257464339e-01
6.826875312258751105e-01
4.976592402860807729e-01
6.108782619905420708e-01
3.398901547879171758e-01
6.477481581037335401e-01
2.533993051070175806e-01
1.221782877878629936e-01
5.248418596754734766e-01
8.713075553575149179e-01
9.113612899625533892e-02
3.324060150573382444e-01
1.805225501977323344e-01
3.422339814148633863e-02
3.026843762314753716e-01
6.125708668635008181e-01
2.034782162165754693e-01
1.689989549672605840e-01
5.994474269055027893e-02
5.970976714960499754e-01
1.131281044688149384e-01
6.797094223057889018e-01
7.664476338662173927e-01
6.190415510406084287e-01
7.655719265433474918e-01
1.680771285281984495e-01
2.391821068965106489e-01
6.688208706277571913e-01
9.068852425789993843e-01
8.673851825909195679e-01
6.678196313604916057e-01
4.949292571341074032e-01
8.883213959679543414e-01
8.355486500884978796e-01
9.939357720033635823e-01
8.535267462656703774e-02
1.582190986410895173e-01
4.370195698433702036e-01
5.716627949914321327e-02
9.359896880705861344e-01
5.812501168231620774e-02
7.210847993845874715e-01
1.750464851440393099e-01
7.482188407115965001e-01
9.602707990282941530e-01
3.988041604257913653e-01
8.644749449974697963e-02
8.349340100703308565e-01
5.995574855524268276e-01
4.864559728464022959e-01
1.513646322844043324e-01
4.505810107184662350e-01
7.077298593674818949e-02
3.099658033979151295e-01
1.145804302112729545e-02
9.350286323660235155e-01
6.015772410223152455e-01
8.212950431210891411e-01
4.084099681665389614e-01
9.327642897650583187e-01
1.590983208868776977e-01
6.400244855930805610e-01
3.999101791886339186e-01
1.081388004732185548e-01
8.149527987443604404e-01
2.200635447741596806e-01
4.000419844833185135e-01
5.264244495822680836e-01
1.205122127344515626e-02
